accidentes	YEAR	MONTH	DATE	V5
67199	1979	1	JAN	1979
68449	1979	2	FEB	1979
71964	1979	3	MAR	1979
58392	1979	4	APR	1979
75446	1979	5	MAY	1979
69841	1979	6	JUN	1979
70182	1979	7	JUL	1979
54640	1979	8	AUG	1979
63076	1979	9	SEP	1979
73042	1979	10	OCT	1979
71317	1979	11	NOV	1979
55594	1979	12	DEC	1979
62874	1980	1	JAN	1980
67028	1980	2	FEB	1980
62505	1980	3	MAR	1980
56897	1980	4	APR	1980
60861	1980	5	MAY	1980
57316	1980	6	JUN	1980
61880	1980	7	JUL	1980
41999	1980	8	AUG	1980
57508	1980	9	SEP	1980
68994	1980	10	OCT	1980
58469	1980	11	NOV	1980
50610	1980	12	DEC	1980
53127	1981	1	JAN	1981
56957	1981	2	FEB	1981
59071	1981	3	MAR	1981
51694	1981	4	APR	1981
55482	1981	5	MAY	1981
56365	1981	6	JUN	1981
60217	1981	7	JUL	1981
41710	1981	8	AUG	1981
54756	1981	9	SEP	1981
61382	1981	10	OCT	1981
59871	1981	11	NOV	1981
51461	1981	12	DEC	1981
46767	1982	1	JAN	1982
55076	1982	2	FEB	1982
60692	1982	3	MAR	1982
50749	1982	4	APR	1982
57739	1982	5	MAY	1982
54333	1982	6	JUN	1982
59071	1982	7	JUL	1982
40835	1982	8	AUG	1982
52986	1982	9	SEP	1982
53939	1982	10	OCT	1982
56809	1982	11	NOV	1982
51237	1982	12	DEC	1982
48885	1983	1	JAN	1983
51871	1983	2	FEB	1983
57438	1983	3	MAR	1983
49016	1983	4	APR	1983
55909	1983	5	MAY	1983
52927	1983	6	JUN	1983
52337	1983	7	JUL	1983
39537	1983	8	AUG	1983
51258	1983	9	SEP	1983
53765	1983	10	OCT	1983
53137	1983	11	NOV	1983
47262	1983	12	DEC	1983
48293	1984	1	JAN	1984
52087	1984	2	FEB	1984
50709	1984	3	MAR	1984
41863	1984	4	APR	1984
49614	1984	5	MAY	1984
46613	1984	6	JUN	1984
49887	1984	7	JUL	1984
38910	1984	8	AUG	1984
43571	1984	9	SEP	1984
53145	1984	10	OCT	1984
50591	1984	11	NOV	1984
40788	1984	12	DEC	1984
49320	1985	1	JAN	1985
48746	1985	2	FEB	1985
48352	1985	3	MAR	1985
44287	1985	4	APR	1985
50275	1985	5	MAY	1985
43461	1985	6	JUN	1985
52324	1985	7	JUL	1985
37809	1985	8	AUG	1985
45164	1985	9	SEP	1985
59468	1985	10	OCT	1985
49856	1985	11	NOV	1985
43828	1985	12	DEC	1985
46131	1986	1	JAN	1986
47301	1986	2	FEB	1986
44215	1986	3	MAR	1986
51017	1986	4	APR	1986
49651	1986	5	MAY	1986
51806	1986	6	JUN	1986
57731	1986	7	JUL	1986
37570	1986	8	AUG	1986
49398	1986	9	SEP	1986
61434	1986	10	OCT	1986
54049	1986	11	NOV	1986
47502	1986	12	DEC	1986
46356	1987	1	JAN	1987
53989	1987	2	FEB	1987
56913	1987	3	MAR	1987
52302	1987	4	APR	1987
55461	1987	5	MAY	1987
58646	1987	6	JUN	1987
65759	1987	7	JUL	1987
44355	1987	8	AUG	1987
57324	1987	9	SEP	1987
62358	1987	10	OCT	1987
62539	1987	11	NOV	1987
54000	1987	12	DEC	1987
56812	1988	1	JAN	1988
80971	1988	2	FEB	1988
89904	1988	3	MAR	1988
83881	1988	4	APR	1988
90073	1988	5	MAY	1988
92833	1988	6	JUN	1988
83496	1988	7	JUL	1988
73548	1988	8	AUG	1988
86726	1988	9	SEP	1988
95053	1988	10	OCT	1988
83295	1988	11	NOV	1988
82768	1988	12	DEC	1988
88708	1989	1	JAN	1989
90852	1989	2	FEB	1989
93059	1989	3	MAR	1989
97980	1989	4	APR	1989
100953	1989	5	MAY	1989
103604	1989	6	JUN	1989
95674	1989	7	JUL	1989
83220	1989	8	AUG	1989
86240	1989	9	SEP	1989
103201	1989	10	OCT	1989
103298	1989	11	NOV	1989
89019	1989	12	DEC	1989
97039	1990	1	JAN	1990
102128	1990	2	FEB	1990
108852	1990	3	MAR	1990
95199	1990	4	APR	1990
105858	1990	5	MAY	1990
108874	1990	6	JUN	1990
106548	1990	7	JUL	1990
85751	1990	8	AUG	1990
90975	1990	9	SEP	1990
106604	1990	10	OCT	1990
104449	1990	11	NOV	1990
87182	1990	12	DEC	1990
92624	1991	1	JAN	1991
96224	1991	2	FEB	1991
92964	1991	3	MAR	1991
99966	1991	4	APR	1991
105126	1991	5	MAY	1991
102983	1991	6	JUN	1991
108056	1991	7	JUL	1991
81837	1991	8	AUG	1991
89506	1991	9	SEP	1991
111311	1991	10	OCT	1991
103130	1991	11	NOV	1991
85788	1991	12	DEC	1991
87766	1992	1	JAN	1992
94571	1992	2	FEB	1992
103826	1992	3	MAR	1992
93683	1992	4	APR	1992
94553	1992	5	MAY	1992
101932	1992	6	JUN	1992
103373	1992	7	JUL	1992
74663	1992	8	AUG	1992
87345	1992	9	SEP	1992
95611	1992	10	OCT	1992
94371	1992	11	NOV	1992
84350	1992	12	DEC	1992
73434	1993	1	JAN	1993
82573	1993	2	FEB	1993
85836	1993	3	MAR	1993
79917	1993	4	APR	1993
86175	1993	5	MAY	1993
87945	1993	6	JUN	1993
90729	1993	7	JUL	1993
65669	1993	8	AUG	1993
75313	1993	9	SEP	1993
82450	1993	10	OCT	1993
83421	1993	11	NOV	1993
74121	1993	12	DEC	1993
69617	1994	1	JAN	1994
77920	1994	2	FEB	1994
87277	1994	3	MAR	1994
78907	1994	4	APR	1994
85168	1994	5	MAY	1994
89014	1994	6	JUN	1994
87222	1994	7	JUL	1994
69081	1994	8	AUG	1994
80969	1994	9	SEP	1994
87820	1994	10	OCT	1994
93672	1994	11	NOV	1994
83136	1994	12	DEC	1994
79703	1995	1	JAN	1995
89015	1995	2	FEB	1995
101066	1995	3	MAR	1995
85688	1995	4	APR	1995
95202	1995	5	MAY	1995
104101	1995	6	JUN	1995
97279	1995	7	JUL	1995
81044	1995	8	AUG	1995
86304	1995	9	SEP	1995
95358	1995	10	OCT	1995
102778	1995	11	NOV	1995
83732	1995	12	DEC	1995
89089	1996	1	JAN	1996
98455	1996	2	FEB	1996
100455	1996	3	MAR	1996
94113	1996	4	APR	1996
99769	1996	5	MAY	1996
102394	1996	6	JUN	1996
106374	1996	7	JUL	1996
86329	1996	8	AUG	1996
90045	1996	9	SEP	1996
109141	1996	10	OCT	1996
103823	1996	11	NOV	1996
92510	1996	12	DEC	1996
90387	1997	1	JAN	1997
100642	1997	2	FEB	1997
97854	1997	3	MAR	1997
108269	1997	4	APR	1997
106081	1997	5	MAY	1997
115271	1997	6	JUN	1997
114939	1997	7	JUL	1997
90251	1997	8	AUG	1997
100032	1997	9	SEP	1997
124717	1997	10	OCT	1997
120723	1997	11	NOV	1997
107669	1997	12	DEC	1997
96052	1998	1	JAN	1998
107206	1998	2	FEB	1998
118803	1998	3	MAR	1998
114427	1998	4	APR	1998
115011	1998	5	MAY	1998
125464	1998	6	JUN	1998
140056	1998	7	JUL	1998
106546	1998	8	AUG	1998
117854	1998	9	SEP	1998
133248	1998	10	OCT	1998
135712	1998	11	NOV	1998
122349	1998	12	DEC	1998
