Espc_pelicu_extranj	V3	YEAR_	MONTH_	DATE_
8742	60	1990	1	JAN 1990
6066	20	1990	2	FEB 1990
6322	0	1990	3	MAR 1990
5876	80	1990	4	APR 1990
3533	80	1990	5	MAY 1990
3122	10	1990	6	JUN 1990
5773	60	1990	7	JUL 1990
7085	0	1990	8	AUG 1990
6394	40	1990	9	SEP 1990
7788	40	1990	10	OCT 1990
5378	70	1990	11	NOV 1990
3741	20	1990	12	DEC 1990
8874	20	1991	1	JAN 1991
5312	40	1991	2	FEB 1991
8424	80	1991	3	MAR 1991
5808	80	1991	4	APR 1991
3303	20	1991	5	MAY 1991
4226	80	1991	6	JUN 1991
6672	0	1991	7	JUL 1991
6806	10	1991	8	AUG 1991
7314	80	1991	9	SEP 1991
5491	50	1991	10	OCT 1991
4176	90	1991	11	NOV 1991
3873	60	1991	12	DEC 1991
7892	50	1992	1	JAN 1992
6260	20	1992	2	FEB 1992
7652	20	1992	3	MAR 1992
5689	70	1992	4	APR 1992
4012	90	1992	5	MAY 1992
4528	90	1992	6	JUN 1992
5437	10	1992	7	JUL 1992
9533	80	1992	8	AUG 1992
5557	90	1992	9	SEP 1992
6782	50	1992	10	OCT 1992
5355	10	1992	11	NOV 1992
6572	0	1992	12	DEC 1992
12204	90	1993	1	JAN 1993
5057	90	1993	2	FEB 1993
7319	50	1993	3	MAR 1993
6450	80	1993	4	APR 1993
3971	30	1993	5	MAY 1993
5391	70	1993	6	JUN 1993
5510	90	1993	7	JUL 1993
6507	30	1993	8	AUG 1993
6515	60	1993	9	SEP 1993
8547	30	1993	10	OCT 1993
6968	20	1993	11	NOV 1993
5142	80	1993	12	DEC 1993
7991	50	1994	1	JAN 1994
6550	50	1994	2	FEB 1994
7644	90	1994	3	MAR 1994
6794	80	1994	4	APR 1994
4790	90	1994	5	MAY 1994
3809	0	1994	6	JUN 1994
6695	10	1994	7	JUL 1994
7505	70	1994	8	AUG 1994
7219	10	1994	9	SEP 1994
6963	90	1994	10	OCT 1994
7022	50	1994	11	NOV 1994
8696	40	1994	12	DEC 1994
8645	0	1995	1	JAN 1995
6296	0	1995	2	FEB 1995
6645	0	1995	3	MAR 1995
7921	0	1995	4	APR 1995
4243	0	1995	5	MAY 1995
3870	0	1995	6	JUN 1995
7170	0	1995	7	JUL 1995
7779	0	1995	8	AUG 1995
8009	0	1995	9	SEP 1995
7707	0	1995	10	OCT 1995
7473	0	1995	11	NOV 1995
8559	0	1995	12	DEC 1995
8927	0	1996	1	JAN 1996
8264	0	1996	2	FEB 1996
9489	0	1996	3	MAR 1996
7755	0	1996	4	APR 1996
5717	0	1996	5	MAY 1996
4406	0	1996	6	JUN 1996
7038	0	1996	7	JUL 1996
8159	0	1996	8	AUG 1996
10006	0	1996	9	SEP 1996
7767	0	1996	10	OCT 1996
7078	0	1996	11	NOV 1996
9601	0	1996	12	DEC 1996
7606	0	1997	1	JAN 1997
6513	0	1997	2	FEB 1997
9016	0	1997	3	MAR 1997
7629	0	1997	4	APR 1997
5971	0	1997	5	MAY 1997
4968	0	1997	6	JUN 1997
7396	0	1997	7	JUL 1997
9154	0	1997	8	AUG 1997
7348	0	1997	9	SEP 1997
7334	0	1997	10	OCT 1997
8757	0	1997	11	NOV 1997
10594	0	1997	12	DEC 1997
11454	0	1998	1	JAN 1998
9032	0	1998	2	FEB 1998
10090	0	1998	3	MAR 1998
9777	0	1998	4	APR 1998
6621	0	1998	5	MAY 1998
4044	0	1998	6	JUN 1998
6310	0	1998	7	JUL 1998
9568	0	1998	8	AUG 1998
8013	0	1998	9	SEP 1998
8193	0	1998	10	OCT 1998
8664	0	1998	11	NOV 1998
9785	0	1998	12	DEC 1998
10392	90	1999	1	JAN 1999
6884	10	1999	2	FEB 1999
10524	80	1999	3	MAR 1999
8003	70	1999	4	APR 1999
6733	60	1999	5	MAY 1999
5716	80	1999	6	JUN 1999
9913	10	1999	7	JUL 1999
12098	30	1999	8	AUG 1999
10064	60	1999	9	SEP 1999
11654	10	1999	10	OCT 1999
8426	40	1999	11	NOV 1999
12782	90	1999	12	DEC 1999
12425	0	2000	1	JAN 2000
12128	0	2000	2	FEB 2000
10163	0	2000	3	MAR 2000
10324	0	2000	4	APR 2000
7562	0	2000	5	MAY 2000
6834	0	2000	6	JUN 2000
10574	0	2000	7	JUL 2000
11228	0	2000	8	AUG 2000
10237	0	2000	9	SEP 2000
10293	0	2000	10	OCT 2000
9202	0	2000	11	NOV 2000
13064	0	2000	12	DEC 2000
12161	94	2001	1	JAN 2001
10263	2	2001	2	FEB 2001
10837	77	2001	3	MAR 2001
8819	14	2001	4	APR 2001
6454	2	2001	5	MAY 2001
6980	86	2001	6	JUN 2001
11112	67	2001	7	JUL 2001
11527	18	2001	8	AUG 2001
9767	23	2001	9	SEP 2001
8858	19	2001	10	OCT 2001
8972	11	2001	11	NOV 2001
14850	40	2001	12	DEC 2001
11538	18	2002	1	JAN 2002
9362	54	2002	2	FEB 2002
11554	71	2002	3	MAR 2002
9341	67	2002	4	APR 2002
7975	52	2002	5	MAY 2002
8230	64	2002	6	JUN 2002
11748	58	2002	7	JUL 2002
12503	55	2002	8	AUG 2002
9414	22	2002	9	SEP 2002
7698	7	2002	10	OCT 2002
8519	86	2002	11	NOV 2002
13810	66	2002	12	DEC 2002
10176	82	2003	1	JAN 2003
8243	60	2003	2	FEB 2003
9223	93	2003	3	MAR 2003
8537	96	2003	4	APR 2003
7997	31	2003	5	MAY 2003
7153	29	2003	6	JUN 2003
10242	55	2003	7	JUL 2003
13424	20	2003	8	AUG 2003
9470	41	2003	9	SEP 2003
7545	16	2003	10	OCT 2003
9474	75	2003	11	NOV 2003
14250	70	2003	12	DEC 2003
12115	51	2004	1	JAN 2004
9563	50	2004	2	FEB 2004
9111	82	2004	3	MAR 2004
11037	28	2004	4	APR 2004
9970	18	2004	5	MAY 2004
7411	4	2004	6	JUN 2004
13179	7	2004	7	JUL 2004
12976	68	2004	8	AUG 2004
9146	87	2004	9	SEP 2004
9684	95	2004	10	OCT 2004
8403	89	2004	11	NOV 2004
12048	40	2004	12	DEC 2004
10740	88	2005	1	JAN 2005
9384	1	2005	2	FEB 2005
9708	91	2005	3	MAR 2005
6777	21	2005	4	APR 2005
5571	94	2005	5	MAY 2005
6082	68	2005	6	JUN 2005
10275	35	2005	7	JUL 2005
10856	28	2005	8	AUG 2005
7434	47	2005	9	SEP 2005
6611	34	2005	10	OCT 2005
9922	40	2005	11	NOV 2005
12996	3	2005	12	DEC 2005
10086	48	2006	1	JAN 2006
9338	42	2006	2	FEB 2006
7780	11	2006	3	MAR 2006
9543	69	2006	4	APR 2006
8572	61	2006	5	MAY 2006
6705	20	2006	6	JUN 2006
9662	21	2006	7	JUL 2006
11701	79	2006	8	AUG 2006
6611	88	2006	9	SEP 2006
6369	49	2006	10	OCT 2006
7080	95	2006	11	NOV 2006
9428	92	2006	12	DEC 2006
8434	45	2007	1	JAN 2007
7629	78	2007	2	FEB 2007
8007	14	2007	3	MAR 2007
9393	53	2007	4	APR 2007
8642	34	2007	5	MAY 2007
7481	23	2007	6	JUN 2007
10495	19	2007	7	JUL 2007
11331	92	2007	8	AUG 2007
6722	39	2007	9	SEP 2007
5698	75	2007	10	OCT 2007
6417	3	2007	11	NOV 2007
10881	50	2007	12	DEC 2007
7139	43	2008	1	JAN 2008
6822	81	2008	2	FEB 2008
9323	99	2008	3	MAR 2008
5244	84	2008	4	APR 2008
7342	82	2008	5	MAY 2008
5213	16	2008	6	JUN 2008
9137	30	2008	7	JUL 2008
12144	26	2008	8	AUG 2008
6714	95	2008	9	SEP 2008
7107	63	2008	10	OCT 2008
7546	15	2008	11	NOV 2008
9716	72	2008	12	DEC 2008
9306	91	2009	1	JAN 2009
7355	89	2009	2	FEB 2009
7079	58	2009	3	MAR 2009
6987	8	2009	4	APR 2009
7156	93	2009	5	MAY 2009
